5082
10384
9048
5668
4046
5408
5684
5654
6292
6508
6143
5913
7136
6430
7053
17162
10075
8630
6069
6534
7490
6919
6001
6144
5066
3694
4028
4983
5951
5148
4777
9952
5897
5093
4869
7014
4729
4885
4679
3656
3911
5992
4948
15927
17153
13205
7818
7085
7548
9738
10138
35725
19543
12251
8328
8440
8523
8152
12080
14946
6119
4994
6997
6686
6621
7050
7578
6358
6400
8403
16126
13976
19820
13834
7381
8817
8901
8303
8420
8738
8023
6121
6425
7804
8641
8244
7741
8021
5442
6017
5015
7567
9924
9243
7338
6162
5434
8694
9418
8515
7422
7677
7563
8812
7015
10250
11659
9178
6861
4812
5388
7992
7887
7359
7172
5935
4541
8325
18397
13355
7905
7188
43623
9637
8462
9217
8753
5874
6503
8969
6646
4956
5651
5849
5498
8914
7544
5176
4750
5880
6343
5715
7263
5150
5561
7704
10815
14856
14826
9898
6494
6040
5577
5387
7955
7408
9195
8794
6736
6336
10910
9565
8476
30952
9714
13875
7867
7123
11722
20117
22166
16836
10363
8298
10662
12261
8943
8223
9937
4787
4888
6665
6784
7776
8515
6310
5417
6946
15003
10063
34481
13051
10040
6857
6438
12118
12524
9901
8422
11595
11557
7832
9442
10738
12791
6573
