16434
28706
20730
19335
13662
11715
20492
23374
21563
24653
20973
23553
18842
20216
19099
51109
29322
18029
12495
11355
19404
33623
18420
24926
28672
13616
14269
19884
17464
17682
16151
16946
10770
8646
15305
17687
16975
13858
13635
10456
10111
22675
19621
34182
29520
21473
14867
12907
15512
21972
20386
23272
20658
15748
12998
18955
20818
20406
25814
19961
11425
13197
20627
19080
16727
15742
15382
15416
13599
22690
27739
32549
67816
36874
18900
18535
29121
35856
31953
24605
18620
16491
19176
28897
29943
24764
20791
23330
17931
14846
19295
21753
29484
42070
27444
15131
16687
34241
35320
55295
20771
20862
13048
14541
16730
27318
26317
23010
20361
15010
15026
31609
29836
21762
25819
23555
12213
18890
48063
32744
24192
22281
27998
15461
16211
21428
23309
23614
23998
20985
15801
14762
18532
20125
20012
24762
25309
17621
15916
20672
22444
17672
20522
17639
20294
16951
28205
48914
35418
33717
25666
18673
15300
19692
26779
25905
24167
24031
18221
18450
28936
32757
32445
61115
30312
23246
16285
21426
29316
57273
44287
41610
28832
20715
36342
34436
25550
22852
23502
15973
13497
22148
23378
22764
22557
21026
17173
17022
22549
25229
61056
31830
26337
14454
12937
20033
20425
19903
15695
19978
12393
9359
18367
18977
20575
16480
